# Made in Blockbench 4.9.3
mtllib mushroom_umbrella.mtl

o cube
v 0.0625 1.625 0.0625
v 0.0625 1.625 0
v 0.0625 0 0.0625
v 0.0625 0 0
v 0 1.625 0
v 0 1.625 0.0625
v 0 0 0
v 0 0 0.0625
vt 0.25 0.671875
vt 0.265625 0.671875
vt 0.265625 0.265625
vt 0.25 0.265625
vt 0.265625 0.671875
vt 0.28125 0.671875
vt 0.28125 0.265625
vt 0.265625 0.265625
vt 0.28125 0.671875
vt 0.296875 0.671875
vt 0.296875 0.265625
vt 0.28125 0.265625
vt 0.296875 0.671875
vt 0.3125 0.671875
vt 0.3125 0.265625
vt 0.296875 0.265625
vt 0.359375 0.796875
vt 0.34375 0.796875
vt 0.34375 0.8125
vt 0.359375 0.8125
vt 0.359375 0.796875
vt 0.34375 0.796875
vt 0.34375 0.78125
vt 0.359375 0.78125
vn 0 0 -1
vn 1 0 0
vn 0 0 1
vn -1 0 0
vn 0 1 0
vn 0 -1 0
usemtl m_71d2d943-6c49-146d-b7fa-87ed55e06af1
f 7/3/1 5/2/1 2/1/1
f 4/4/1 7/3/1 2/1/1
f 4/7/2 2/6/2 1/5/2
f 3/8/2 4/7/2 1/5/2
f 3/11/3 1/10/3 6/9/3
f 8/12/3 3/11/3 6/9/3
f 8/15/4 6/14/4 5/13/4
f 7/16/4 8/15/4 5/13/4
f 1/19/5 2/18/5 5/17/5
f 6/20/5 1/19/5 5/17/5
f 4/23/6 3/22/6 8/21/6
f 7/24/6 4/23/6 8/21/6
o cube
v 0.09804336766744648 1.2192108117955227 0.541271645717128
v 0.19665573416783289 1.295963215288392 0.5381620265666125
v 0.09804336766744648 1.2192108117955227 0.541271645717128
v 0.19665573416783289 1.295963215288392 0.5381620265666125
v -0.16602571415380973 1.7254108587876278 -0.363471567825405
v -0.26463808065419614 1.6486584552947585 -0.3603619486748895
v -0.16602571415380973 1.7254108587876278 -0.363471567825405
v -0.26463808065419614 1.6486584552947585 -0.3603619486748895
vt 0 1
vt 0.265625 1
vt 0.265625 1
vt 0 1
vt 0 1
vt 0.03125 1
vt 0.03125 1
vt 0 1
vt 0 1
vt 0.265625 1
vt 0.265625 1
vt 0 1
vt 0 1
vt 0.03125 1
vt 0.03125 1
vt 0 1
vt 0.609375 0.96875
vt 0.34375 0.96875
vt 0.34375 1
vt 0.609375 1
vt 0.609375 0.96875
vt 0.34375 0.96875
vt 0.34375 0.9375
vt 0.609375 0.9375
vn 0.7888989320030915 0.6140192279429543 -0.02487695320412417
vn 0.34134724547919304 -0.40418601741104543 0.8485963241336635
vn -0.7888989320030915 -0.6140192279429543 0.02487695320412417
vn -0.34134724547919304 0.40418601741104543 -0.8485963241336635
vn -0.5109995431388851 0.6779484132629389 0.5284556895957447
vn 0.5109995431388851 -0.6779484132629389 -0.5284556895957447
usemtl m_71d2d943-6c49-146d-b7fa-87ed55e06af1
f 15/27/7 13/26/7 10/25/7
f 12/28/7 15/27/7 10/25/7
f 12/31/8 10/30/8 9/29/8
f 11/32/8 12/31/8 9/29/8
f 11/35/9 9/34/9 14/33/9
f 16/36/9 11/35/9 14/33/9
f 16/39/10 14/38/10 13/37/10
f 15/40/10 16/39/10 13/37/10
f 9/43/11 10/42/11 13/41/11
f 14/44/11 9/43/11 13/41/11
f 12/47/12 11/46/12 16/45/12
f 15/48/12 12/47/12 16/45/12
o cube
v 0.40270169414138257 1.6113537959752904 0.624345889496905
v -0.41869661850610945 1.5482396438198385 -0.5536726442187372
v 0.40270169414138257 1.6113537959752904 0.624345889496905
v -0.41869661850610945 1.5482396438198385 -0.5536726442187372
v -0.5066607444281661 1.6157368916138122 -0.4959540675643579
v 0.31473756821932586 1.6788510437692645 0.6820644661512842
v -0.5066607444281661 1.6157368916138122 -0.4959540675643579
v 0.31473756821932586 1.6788510437692645 0.6820644661512842
vt 0 1
vt 0.03125 1
vt 0.03125 1
vt 0 1
vt 0 1
vt 0.359375 1
vt 0.359375 1
vt 0 1
vt 0 1
vt 0.03125 1
vt 0.03125 1
vt 0 1
vt 0 1
vt 0.359375 1
vt 0.359375 1
vt 0 1
vt 0.21875 0.640625
vt 0.1875 0.640625
vt 0.1875 1
vt 0.21875 1
vt 0.25 1
vt 0.21875 1
vt 0.21875 0.640625
vt 0.25 0.640625
vn -0.5714075218417337 -0.043905497151618796 -0.8194911538891424
vn 0.7037130073764536 -0.53997798235179 -0.46174861323503436
vn 0.5714075218417337 0.043905497151618796 0.8194911538891424
vn -0.7037130073764536 0.53997798235179 0.46174861323503436
vn 0.42223387740904456 0.8405332152242166 -0.3394443501856596
vn -0.42223387740904456 -0.8405332152242166 0.3394443501856596
usemtl m_71d2d943-6c49-146d-b7fa-87ed55e06af1
f 23/51/13 21/50/13 18/49/13
f 20/52/13 23/51/13 18/49/13
f 20/55/14 18/54/14 17/53/14
f 19/56/14 20/55/14 17/53/14
f 19/59/15 17/58/15 22/57/15
f 24/60/15 19/59/15 22/57/15
f 24/63/16 22/62/16 21/61/16
f 23/64/16 24/63/16 21/61/16
f 17/67/17 18/66/17 21/65/17
f 22/68/17 17/67/17 21/65/17
f 20/71/18 19/70/18 24/69/18
f 23/72/18 20/71/18 24/69/18
o cube
v 0.17194122760968034 1.859472859945278 0.5239424084524997
v -0.08573141798489692 1.1966692964152181 -0.796775670428889
v 0.17194122760968034 1.859472859945278 0.5239424084524997
v -0.08573141798489692 1.1966692964152181 -0.796775670428889
v -0.19698911283240728 1.157487097109731 -0.7554056257733249
v 0.06068353276216998 1.8202906606397908 0.5653124531080638
v -0.19698911283240728 1.157487097109731 -0.7554056257733249
v 0.06068353276216998 1.8202906606397908 0.5653124531080638
vt 0 1
vt 0.03125 1
vt 0.03125 1
vt 0 1
vt 0 1
vt 0.375 1
vt 0.375 1
vt 0 1
vt 0 1
vt 0.03125 1
vt 0.03125 1
vt 0 1
vt 0 1
vt 0.375 1
vt 0.375 1
vt 0 1
vt 0.09375 0.625
vt 0.0625 0.625
vt 0.0625 1
vt 0.09375 1
vt 0.125 1
vt 0.09375 1
vt 0.09375 0.625
vt 0.125 0.625
vn -0.17178176372971815 -0.44186904235337293 -0.880478719254259
vn 0.8900615587800829 0.3134575944438951 -0.3309603572445129
vn 0.17178176372971815 0.44186904235337293 0.880478719254259
vn -0.8900615587800829 -0.3134575944438951 0.3309603572445129
vn -0.42223387740904483 0.8405332152242169 -0.33944435018565855
vn 0.42223387740904483 -0.8405332152242169 0.33944435018565855
usemtl m_71d2d943-6c49-146d-b7fa-87ed55e06af1
f 31/75/19 29/74/19 26/73/19
f 28/76/19 31/75/19 26/73/19
f 28/79/20 26/78/20 25/77/20
f 27/80/20 28/79/20 25/77/20
f 27/83/21 25/82/21 30/81/21
f 32/84/21 27/83/21 30/81/21
f 32/87/22 30/86/22 29/85/22
f 31/88/22 32/87/22 29/85/22
f 25/91/23 26/90/23 29/89/23
f 30/92/23 25/91/23 29/89/23
f 28/95/24 27/94/24 32/93/24
f 31/96/24 28/95/24 32/93/24
o cube
v -0.4968538967192698 1.9049463159050335 0.23238596953068713
v 0.5894048572211485 1.2352889972422783 -0.07462745859456421
v -0.4968538967192698 1.9049463159050335 0.23238596953068713
v 0.5894048572211485 1.2352889972422783 -0.07462745859456421
v 0.5431794879602272 1.2125182423193432 -0.18851208423354626
v -0.5430792659801913 1.8821755609820983 0.11850134389170519
v 0.5431794879602272 1.2125182423193432 -0.18851208423354626
v -0.5430792659801913 1.8821755609820983 0.11850134389170519
vt 0 1
vt 0.03125 1
vt 0.03125 1
vt 0 1
vt 0 1
vt 0.328125 1
vt 0.328125 1
vt 0 1
vt 0 1
vt 0.03125 1
vt 0.03125 1
vt 0 1
vt 0 1
vt 0.328125 1
vt 0.328125 1
vt 0 1
vt 0.28125 0.671875
vt 0.25 0.671875
vt 0.25 1
vt 0.28125 1
vt 0.3125 1
vt 0.28125 1
vt 0.28125 0.671875
vt 0.3125 0.671875
vn 0.827625717287938 -0.5102150999335276 -0.2339149928573345
vn 0.36980295408737174 0.18216603938348153 0.9110770051118561
vn -0.827625717287938 0.5102150999335276 0.2339149928573345
vn -0.36980295408737174 -0.18216603938348153 -0.9110770051118561
vn 0.42223387740904866 0.8405332152242149 -0.33944435018565866
vn -0.42223387740904866 -0.8405332152242149 0.33944435018565866
usemtl m_71d2d943-6c49-146d-b7fa-87ed55e06af1
f 39/99/25 37/98/25 34/97/25
f 36/100/25 39/99/25 34/97/25
f 36/103/26 34/102/26 33/101/26
f 35/104/26 36/103/26 33/101/26
f 35/107/27 33/106/27 38/105/27
f 40/108/27 35/107/27 38/105/27
f 40/111/28 38/110/28 37/109/28
f 39/112/28 40/111/28 37/109/28
f 33/115/29 34/114/29 37/113/29
f 38/116/29 33/115/29 37/113/29
f 36/119/30 35/118/30 40/117/30
f 39/120/30 36/119/30 40/117/30
o cube
v -0.3587196311803542 1.6451024198722775 0.6532051778240944
v 0.5341046216973546 1.576500080572873 -0.6272497501276902
v -0.3587196311803542 1.6451024198722775 0.6532051778240944
v 0.5341046216973546 1.576500080572873 -0.6272497501276902
v 0.4461404957752978 1.5090028327788994 -0.6849683267820695
v -0.4466837571024109 1.5776051720783038 0.5954866011697151
v 0.4461404957752978 1.5090028327788994 -0.6849683267820695
v -0.4466837571024109 1.5776051720783038 0.5954866011697151
vt 0 1
vt 0.03125 1
vt 0.03125 1
vt 0 1
vt 0 1
vt 0.390625 1
vt 0.390625 1
vt 0 1
vt 0 1
vt 0.03125 1
vt 0.03125 1
vt 0 1
vt 0 1
vt 0.390625 1
vt 0.390625 1
vt 0 1
vt 0.03125 0.609375
vt 0 0.609375
vt 0 1
vt 0.03125 1
vt 0.0625 1
vt 0.03125 1
vt 0.03125 0.609375
vt 0.0625 0.609375
vn 0.5714075218417337 -0.043905497151618796 -0.8194911538891424
vn 0.7037130073764536 0.53997798235179 0.46174861323503436
vn -0.5714075218417337 0.043905497151618796 0.8194911538891424
vn -0.7037130073764536 -0.53997798235179 -0.46174861323503436
vn -0.42223387740904456 0.8405332152242166 -0.3394443501856596
vn 0.42223387740904456 -0.8405332152242166 0.3394443501856596
usemtl m_71d2d943-6c49-146d-b7fa-87ed55e06af1
f 47/123/31 45/122/31 42/121/31
f 44/124/31 47/123/31 42/121/31
f 44/127/32 42/126/32 41/125/32
f 43/128/32 44/127/32 41/125/32
f 43/131/33 41/130/33 46/129/33
f 48/132/33 43/131/33 46/129/33
f 48/135/34 46/134/34 45/133/34
f 47/136/34 48/135/34 45/133/34
f 41/139/35 42/138/35 45/137/35
f 46/140/35 41/139/35 45/137/35
f 44/143/36 43/142/36 48/141/36
f 47/144/36 44/143/36 48/141/36
o cube
v 0.05197080468761561 1.6215571267911502 0.02576858577708674
v -0.05671363512492755 1.6829588757017029 0.01924802035995099
v 0.05197080468761561 1.6215571267911502 0.02576858577708674
v -0.05671363512492755 1.6829588757017029 0.01924802035995099
v -0.38822302694923666 1.138072620105596 0.41383703641935754
v -0.2795385871366935 1.0766708711950435 0.4203576018364934
v -0.38822302694923666 1.138072620105596 0.41383703641935754
v -0.2795385871366935 1.0766708711950435 0.4203576018364934
vt 0 1
vt 0.1875 1
vt 0.1875 1
vt 0 1
vt 0 1
vt 0.03125 1
vt 0.03125 1
vt 0 1
vt 0 1
vt 0.1875 1
vt 0.1875 1
vt 0 1
vt 0 1
vt 0.03125 1
vt 0.03125 1
vt 0 1
vt 0.53125 0.90625
vt 0.34375 0.90625
vt 0.34375 0.9375
vt 0.53125 0.9375
vt 0.53125 0.90625
vt 0.34375 0.90625
vt 0.34375 0.875
vt 0.53125 0.875
vn -0.8694755185003453 0.4912139912844201 -0.05216452333708643
vn 0.4420125224324123 0.726515007461476 -0.5261186880792087
vn 0.8694755185003453 -0.4912139912844201 0.05216452333708643
vn -0.4420125224324123 -0.726515007461476 0.5261186880792087
vn 0.2205385515992434 0.48050469165210147 0.8488097481525685
vn -0.2205385515992434 -0.48050469165210147 -0.8488097481525685
usemtl m_71d2d943-6c49-146d-b7fa-87ed55e06af1
f 55/147/37 53/146/37 50/145/37
f 52/148/37 55/147/37 50/145/37
f 52/151/38 50/150/38 49/149/38
f 51/152/38 52/151/38 49/149/38
f 51/155/39 49/154/39 54/153/39
f 56/156/39 51/155/39 54/153/39
f 56/159/40 54/158/40 53/157/40
f 55/160/40 56/159/40 53/157/40
f 49/163/41 50/162/41 53/161/41
f 54/164/41 49/163/41 53/161/41
f 52/167/42 51/166/42 56/165/42
f 55/168/42 52/167/42 56/165/42
o cube
v 0.5430792659801913 1.8821755609820983 0.11850134389170519
v -0.6983593099517155 1.1168529110818068 -0.23237114539429649
v 0.5430792659801913 1.8821755609820983 0.11850134389170519
v -0.6983593099517155 1.1168529110818068 -0.23237114539429649
v -0.7445846792126369 1.1396236660047419 -0.11848651975531443
v 0.4968538967192698 1.9049463159050335 0.23238596953068713
v -0.7445846792126369 1.1396236660047419 -0.11848651975531443
v 0.4968538967192698 1.9049463159050335 0.23238596953068713
vt 0 1
vt 0.03125 1
vt 0.03125 1
vt 0 1
vt 0 1
vt 0.375 1
vt 0.375 1
vt 0 1
vt 0 1
vt 0.03125 1
vt 0.03125 1
vt 0 1
vt 0 1
vt 0.375 1
vt 0.375 1
vt 0 1
vt 0.15625 0.625
vt 0.125 0.625
vt 0.125 1
vt 0.15625 1
vt 0.1875 1
vt 0.15625 1
vt 0.15625 0.625
vt 0.1875 0.625
vn -0.827625717287938 -0.5102150999335276 -0.2339149928573345
vn 0.36980295408737174 -0.18216603938348153 -0.9110770051118561
vn 0.827625717287938 0.5102150999335276 0.2339149928573345
vn -0.36980295408737174 0.18216603938348153 0.9110770051118561
vn -0.42223387740904866 0.8405332152242149 -0.33944435018565866
vn 0.42223387740904866 -0.8405332152242149 0.33944435018565866
usemtl m_71d2d943-6c49-146d-b7fa-87ed55e06af1
f 63/171/43 61/170/43 58/169/43
f 60/172/43 63/171/43 58/169/43
f 60/175/44 58/174/44 57/173/44
f 59/176/44 60/175/44 57/173/44
f 59/179/45 57/178/45 62/177/45
f 64/180/45 59/179/45 62/177/45
f 64/183/46 62/182/46 61/181/46
f 63/184/46 64/183/46 61/181/46
f 57/187/47 58/186/47 61/185/47
f 62/188/47 57/187/47 61/185/47
f 60/191/48 59/190/48 64/189/48
f 63/192/48 60/191/48 64/189/48
o cube
v -0.039210812295955244 1.765057030345619 0.4552526132012813
v 0.17551639236619254 1.2127207274039027 -0.6453457858665426
v -0.039210812295955244 1.765057030345619 0.4552526132012813
v 0.17551639236619254 1.2127207274039027 -0.6453457858665426
v 0.06425869751868218 1.2519029267093897 -0.6867158305221066
v -0.1504685071434656 1.804239229651106 0.41388256854571726
v 0.06425869751868218 1.2519029267093897 -0.6867158305221066
v -0.1504685071434656 1.804239229651106 0.41388256854571726
vt 0 1
vt 0.03125 1
vt 0.03125 1
vt 0 1
vt 0 1
vt 0.3125 1
vt 0.3125 1
vt 0 1
vt 0 1
vt 0.03125 1
vt 0.03125 1
vt 0 1
vt 0 1
vt 0.3125 1
vt 0.3125 1
vt 0 1
vt 0.34375 0.6875
vt 0.3125 0.6875
vt 0.3125 1
vt 0.34375 1
vt 0.34375 0.6875
vt 0.3125 0.6875
vt 0.3125 0.375
vt 0.34375 0.375
vn 0.17178176372971815 -0.44186904235337293 -0.880478719254259
vn 0.8900615587800829 -0.3134575944438951 0.3309603572445129
vn -0.17178176372971815 0.44186904235337293 0.880478719254259
vn -0.8900615587800829 0.3134575944438951 -0.3309603572445129
vn 0.42223387740904483 0.8405332152242169 -0.33944435018565855
vn -0.42223387740904483 -0.8405332152242169 0.33944435018565855
usemtl m_71d2d943-6c49-146d-b7fa-87ed55e06af1
f 71/195/49 69/194/49 66/193/49
f 68/196/49 71/195/49 66/193/49
f 68/199/50 66/198/50 65/197/50
f 67/200/50 68/199/50 65/197/50
f 67/203/51 65/202/51 70/201/51
f 72/204/51 67/203/51 70/201/51
f 72/207/52 70/206/52 69/205/52
f 71/208/52 72/207/52 69/205/52
f 65/211/53 66/210/53 69/209/53
f 70/212/53 65/211/53 69/209/53
f 68/215/54 67/214/54 72/213/54
f 71/216/54 68/215/54 72/213/54
o cube
v 0.10276925121712832 1.6703273864686534 -0.015038384789202941
v -0.009416914634890805 1.64022782184289 0.03114906373052717
v 0.10276925121712832 1.6703273864686534 -0.015038384789202941
v -0.009416914634890805 1.64022782184289 0.03114906373052717
v 0.27703562283710914 1.0077628767529263 0.3147562515946605
v 0.38922178868912827 1.03786244137869 0.2685688030749305
v 0.27703562283710914 1.0077628767529263 0.3147562515946605
v 0.38922178868912827 1.03786244137869 0.2685688030749305
vt 0 1
vt 0.1875 1
vt 0.1875 1
vt 0 1
vt 0 1
vt 0.03125 1
vt 0.03125 1
vt 0 1
vt 0 1
vt 0.1875 1
vt 0.1875 1
vt 0 1
vt 0 1
vt 0.03125 1
vt 0.03125 1
vt 0 1
vt 0.53125 0.84375
vt 0.34375 0.84375
vt 0.34375 0.875
vt 0.53125 0.875
vt 0.53125 0.84375
vt 0.34375 0.84375
vt 0.34375 0.8125
vt 0.53125 0.8125
vn -0.8974893268161536 -0.24079651700610955 0.3694995881578409
vn -0.3819367166293334 0.8432865934532845 -0.37814291715217796
vn 0.8974893268161536 0.24079651700610955 -0.3694995881578409
vn 0.3819367166293334 -0.8432865934532845 0.37814291715217796
vn 0.22053855159924302 0.4805046916521013 0.8488097481525687
vn -0.22053855159924302 -0.4805046916521013 -0.8488097481525687
usemtl m_71d2d943-6c49-146d-b7fa-87ed55e06af1
f 79/219/55 77/218/55 74/217/55
f 76/220/55 79/219/55 74/217/55
f 76/223/56 74/222/56 73/221/56
f 75/224/56 76/223/56 73/221/56
f 75/227/57 73/226/57 78/225/57
f 80/228/57 75/227/57 78/225/57
f 80/231/58 78/230/58 77/229/58
f 79/232/58 80/231/58 77/229/58
f 73/235/59 74/234/59 77/233/59
f 78/236/59 73/235/59 77/233/59
f 76/239/60 75/238/60 80/237/60
f 79/240/60 76/239/60 80/237/60